        Roll No.     English       Hindi      Telugu       Maths     Science  ...         EVS      Sports          AI    Sanskrit  Present Days  Admission No
count  60.000000   60.000000   60.000000   60.000000   60.000000   60.000000  ...   60.000000   60.000000   60.000000   60.000000     60.000000     60.000000
mean   30.500000   29.600000   29.433333   29.266667   29.100000   28.933333  ...   28.600000   28.433333   29.600000   29.600000    190.400000   1152.500000
std    17.464249   24.246055   23.925992   23.672101   23.486527   23.370898  ...   23.353002   23.450898   24.246055   24.246055     18.737436     17.464249
min     1.000000    0.000000    0.000000    0.000000    0.000000    0.000000  ...    0.000000    0.000000    0.000000    0.000000    160.000000   1123.000000
25%    15.750000   11.750000   11.750000   11.750000   11.750000   11.750000  ...   11.750000   10.750000   11.750000   11.750000    174.750000   1137.750000
50%    30.500000   23.500000   23.500000   23.500000   23.500000   23.500000  ...   22.500000   22.500000   23.500000   23.500000    189.500000   1152.500000
75%    45.250000   40.000000   40.000000   40.000000   40.000000   40.000000  ...   40.000000   40.000000   40.000000   40.000000    205.250000   1167.250000
max    60.000000  100.000000  100.000000  100.000000  100.000000  100.000000  ...  100.000000  100.000000  100.000000  100.000000    230.000000   1182.000000

[8 rows x 13 columns]